,DATE,AWND,PRCP,SNOW,SNWD,TMAX,TMIN
3468,2018-07-01,2.91,0.0,0.0,0.0,96,79
3469,2018-07-02,2.01,0.0,0.0,0.0,95,79
3470,2018-07-03,1.12,0.01,0.0,0.0,92,77
3471,2018-07-04,1.12,0.0,0.0,0.0,86,77
3472,2018-07-05,2.91,0.0,0.0,0.0,90,76
3473,2018-07-06,4.03,0.23,0.0,0.0,80,69
3474,2018-07-07,5.37,0.0,0.0,0.0,78,62
3475,2018-07-08,2.01,0.0,0.0,0.0,84,62
3476,2018-07-09,2.68,0.0,0.0,0.0,87,67
3477,2018-07-10,3.8,0.0,0.0,0.0,93,72
3478,2018-07-11,2.68,0.0,0.0,0.0,88,74
3479,2018-07-12,1.34,0.71,0.0,0.0,84,64
3480,2018-07-13,2.01,0.0,0.0,0.0,84,68
3481,2018-07-14,3.58,0.36,0.0,0.0,88,70
3482,2018-07-15,3.36,0.64,0.0,0.0,83,69
3483,2018-07-16,2.24,0.0,0.0,0.0,90,75
3484,2018-07-17,2.68,2.24,0.0,0.0,88,70
3485,2018-07-18,3.36,0.0,0.0,0.0,85,66
3486,2018-07-19,2.24,0.0,0.0,0.0,83,66
3487,2018-07-20,2.01,0.0,0.0,0.0,82,69
3488,2018-07-21,5.82,0.63,0.0,0.0,79,65
3489,2018-07-22,3.36,1.06,0.0,0.0,79,70
3490,2018-07-23,4.47,0.17,0.0,0.0,80,73
3491,2018-07-24,5.14,0.02,0.0,0.0,82,75
3492,2018-07-25,3.8,0.73,0.0,0.0,77,72
3493,2018-07-26,3.36,0.03,0.0,0.0,85,72
3494,2018-07-27,2.46,0.25,0.0,0.0,86,68
3495,2018-07-28,1.12,0.0,0.0,0.0,85,70
3496,2018-07-29,2.01,0.0,0.0,0.0,82,70
3497,2018-07-30,1.34,0.37,0.0,0.0,78,68
3498,2018-07-31,1.57,0.0,0.0,0.0,82,68
3499,2018-08-01,2.46,0.1,0.0,0.0,84,74
3500,2018-08-02,2.68,0.51,0.0,0.0,86,76
3501,2018-08-03,2.24,0.24,0.0,0.0,85,73
3502,2018-08-04,2.68,0.74,0.0,0.0,84,72
3503,2018-08-05,1.12,0.0,0.0,0.0,91,73
3504,2018-08-06,2.01,0.0,0.0,0.0,92,77
3505,2018-08-07,3.8,0.05,0.0,0.0,90,74
3506,2018-08-08,1.57,0.0,0.0,0.0,90,76
3507,2018-08-09,2.91,0.61,0.0,0.0,86,73
3508,2018-08-10,1.34,0.0,0.0,0.0,86,72
3509,2018-08-11,2.01,2.9,0.0,0.0,80,70
3510,2018-08-12,2.91,0.0,0.0,0.0,84,72
3511,2018-08-13,3.36,0.66,0.0,0.0,75,71
3512,2018-08-14,2.91,0.79,0.0,0.0,82,71
3513,2018-08-15,4.25,0.0,0.0,0.0,86,70
3514,2018-08-16,2.91,0.0,0.0,0.0,88,76
3515,2018-08-17,2.91,1.04,0.0,0.0,87,72
3516,2018-08-18,3.8,0.07,0.0,0.0,85,71
3517,2018-08-19,4.7,0.02,0.0,0.0,72,67
3518,2018-08-20,2.68,0.0,0.0,0.0,74,67
3519,2018-08-21,3.58,0.11,0.0,0.0,79,66
3520,2018-08-22,4.03,0.72,0.0,0.0,82,71
3521,2018-08-23,3.8,0.0,0.0,0.0,77,65
3522,2018-08-24,1.12,0.0,0.0,0.0,82,65
3523,2018-08-25,1.79,0.0,0.0,0.0,80,68
3524,2018-08-26,3.36,0.0,0.0,0.0,83,69
3525,2018-08-27,2.46,0.0,0.0,0.0,88,74
3526,2018-08-28,3.8,0.0,0.0,0.0,94,79
3527,2018-08-29,4.92,0.0,0.0,0.0,92,81
3528,2018-08-30,4.47,0.0,0.0,0.0,90,78
3833,2019-07-01,4.47,0.0,0.0,0.0,85,65
3834,2019-07-02,2.46,0.02,0.0,0.0,85,71
3835,2019-07-03,1.79,0.0,0.0,0.0,87,75
3836,2019-07-04,2.68,0.0,0.0,0.0,90,74
3837,2019-07-05,2.91,0.0,0.0,0.0,86,72
3838,2019-07-06,3.36,0.0,0.0,0.0,90,76
3839,2019-07-07,4.92,0.0,0.0,0.0,86,72
3840,2019-07-08,2.68,0.04,0.0,0.0,78,68
3841,2019-07-09,2.68,0.0,0.0,0.0,87,69
3842,2019-07-10,2.46,0.0,0.0,0.0,88,74
3843,2019-07-11,4.47,0.79,0.0,0.0,87,73
3844,2019-07-12,5.14,0.0,0.0,0.0,87,72
3845,2019-07-13,3.8,0.0,0.0,0.0,85,70
3846,2019-07-14,4.92,0.0,0.0,0.0,89,76
3847,2019-07-15,2.91,0.0,0.0,0.0,85,68
3848,2019-07-16,2.91,0.0,0.0,0.0,91,72
3849,2019-07-17,3.58,1.82,0.0,0.0,93,73
3850,2019-07-18,4.92,0.51,0.0,0.0,79,71
3851,2019-07-19,3.58,0.0,0.0,0.0,91,71
3852,2019-07-20,4.25,0.0,0.0,0.0,95,82
3853,2019-07-21,4.47,0.0,0.0,0.0,95,80
3854,2019-07-22,2.68,1.66,0.0,0.0,90,72
3855,2019-07-23,4.03,0.53,0.0,0.0,74,67
3856,2019-07-24,2.91,0.02,0.0,0.0,83,67
3857,2019-07-25,1.79,0.0,0.0,0.0,84,70
3858,2019-07-26,1.57,0.0,0.0,0.0,88,69
3859,2019-07-27,2.91,0.0,0.0,0.0,85,72
3860,2019-07-28,5.37,0.01,0.0,0.0,88,71
3861,2019-07-29,4.47,0.0,0.0,0.0,90,73
3862,2019-07-30,3.36,0.01,0.0,0.0,92,78
3863,2019-07-31,2.91,0.36,0.0,0.0,87,70
3864,2019-08-01,2.24,0.0,0.0,0.0,87,70
3865,2019-08-02,3.58,0.0,0.0,0.0,84,73
3866,2019-08-03,3.58,0.21,0.0,0.0,86,68
3867,2019-08-04,2.68,0.0,0.0,0.0,87,69
3868,2019-08-05,4.47,0.0,0.0,0.0,82,70
3869,2019-08-06,3.13,0.04,0.0,0.0,79,71
3870,2019-08-07,2.68,1.18,0.0,0.0,84,69
3871,2019-08-08,4.7,0.2,0.0,0.0,84,67
3872,2019-08-09,3.58,0.08,0.0,0.0,83,68
3873,2019-08-10,5.14,0.0,0.0,0.0,81,66
3874,2019-08-11,3.13,0.0,0.0,0.0,80,63
3875,2019-08-12,3.58,0.0,0.0,0.0,85,68
3876,2019-08-13,3.58,0.07,0.0,0.0,79,71
3877,2019-08-14,3.58,0.0,0.0,0.0,84,73
3878,2019-08-15,4.03,0.0,0.0,0.0,85,70
3879,2019-08-16,2.68,0.0,0.0,0.0,79,68
3880,2019-08-17,3.36,0.0,0.0,0.0,87,73
3881,2019-08-18,2.24,0.64,0.0,0.0,90,70
3882,2019-08-19,2.91,0.0,0.0,0.0,90,72
3883,2019-08-20,2.91,0.0,0.0,0.0,88,75
3884,2019-08-21,2.91,0.1,0.0,0.0,87,74
3885,2019-08-22,3.8,1.01,0.0,0.0,90,71
3886,2019-08-23,3.36,0.09,0.0,0.0,74,65
3887,2019-08-24,5.14,0.0,0.0,0.0,76,64
3888,2019-08-25,8.95,0.0,0.0,0.0,77,63
3889,2019-08-26,6.26,0.0,0.0,0.0,74,61
3890,2019-08-27,3.13,0.0,0.0,0.0,75,62
3891,2019-08-28,3.8,0.08,0.0,0.0,74,67
3892,2019-08-29,4.03,0.0,0.0,0.0,81,65
3893,2019-08-30,4.03,0.0,0.0,0.0,86,67
